Start Polynomial Regresion 
==============================================
==============================================
Vector x Shape : 
rows : 10 Columns : 1
Vector y Shape : 
rows : 10 Columns : 1
==============================================================
Dataset 1
==============================================================
=============================================
Sum Vecctor:
10.0000     
45.0000     
285.0000     
2025.0000     
15333.0000     
X Matrix Polynomial Regression:
10.0000     45.0000     285.0000     
45.0000     285.0000     2025.0000     
285.0000     2025.0000     15333.0000     
Y Vecctor Polynomial Regression:
117.8646     
729.4200     
5198.7415     
=============================================
 Array to Matrix Conversion    
10.0000     45.0000     285.0000     
45.0000     285.0000     2025.0000     
285.0000     2025.0000     15333.0000     
=============================================
=============================================
=============================================
Calling Gauss Elimination Solver
=============================================
=============================================
System is ill condition polynomial regression
=============================================
Gauss elimination solution for plolynomial regression
vector<3>
2.0289
1.5885
0.0915

Predicted and Actual Vectors for Polynomial Regression using Gauss Elimination
Predicted		Actual
2.0289                   2.7540
3.7090                   1.8948
5.5722                   5.6677
7.6185                   8.5087
9.8478                   10.9265
12.2603                   13.5301
14.8559                   11.8353
17.6346                   17.6240
20.5963                   21.1838
23.7412                   23.9396
==============================================
=============================================
Sum Vecctor:
10.0000     
45.0000     
285.0000     
2025.0000     
15333.0000     
X Matrix Polynomial Regression:
10.0000     45.0000     285.0000     
45.0000     285.0000     2025.0000     
285.0000     2025.0000     15333.0000     
Y Vecctor Polynomial Regression:
117.8646     
729.4200     
5198.7415     
=============================================
 Array to Matrix Conversion    
10.0000     45.0000     285.0000     
45.0000     285.0000     2025.0000     
285.0000     2025.0000     15333.0000     
=============================================
=============================================
=============================================
Calling Gauss Seidel Solver
=============================================
=============================================
Gauss Seidel solution for plolynomial regression
     Iter        x0        x1        x2
        1    7.8531    1.1223    0.0449
        2    5.4574    1.3788    0.0555
        3    3.9995    1.5334    0.0622
        4    3.1134    1.6258    0.0665
        5    2.5759    1.6804    0.0693
        6    2.2511    1.7119    0.0711
        7    2.0558    1.7294    0.0724
        8    1.9395    1.7384    0.0734
        9    1.8713    1.7422    0.0742
       10    1.8323    1.7430    0.0748
       11    1.8111    1.7419    0.0753
       12    1.8006    1.7397    0.0758
       13    1.7967    1.7369    0.0763
       14    1.7967    1.7338    0.0767
       15    1.7990    1.7305    0.0771
       16    1.8027    1.7271    0.0775
       17    1.8071    1.7237    0.0778
       18    1.8119    1.7203    0.0782
       19    1.8170    1.7170    0.0785
       20    1.8221    1.7138    0.0789
       21    1.8272    1.7106    0.0792
       22    1.8322    1.7075    0.0795
       23    1.8372    1.7044    0.0798
       24    1.8420    1.7015    0.0801
       25    1.8468    1.6986    0.0804
       26    1.8514    1.6958    0.0807
       27    1.8559    1.6930    0.0810
       28    1.8604    1.6904    0.0812
       29    1.8647    1.6878    0.0815
       30    1.8689    1.6852    0.0818
       31    1.8729    1.6828    0.0820
       32    1.8769    1.6804    0.0822
       33    1.8808    1.6780    0.0825
       34    1.8846    1.6757    0.0827
       35    1.8883    1.6735    0.0829
       36    1.8919    1.6713    0.0832
       37    1.8954    1.6692    0.0834
       38    1.8988    1.6672    0.0836
       39    1.9021    1.6651    0.0838
       40    1.9053    1.6632    0.0840
       41    1.9085    1.6613    0.0842
       42    1.9116    1.6594    0.0844
       43    1.9146    1.6576    0.0846
       44    1.9175    1.6558    0.0847
       45    1.9203    1.6541    0.0849
       46    1.9231    1.6525    0.0851
       47    1.9258    1.6508    0.0852
       48    1.9285    1.6492    0.0854
       49    1.9310    1.6477    0.0856
       50    1.9335    1.6462    0.0857
       51    1.9360    1.6447    0.0859
       52    1.9383    1.6433    0.0860
       53    1.9406    1.6419    0.0861
       54    1.9429    1.6405    0.0863
       55    1.9451    1.6392    0.0864
       56    1.9472    1.6379    0.0866
       57    1.9493    1.6366    0.0867
       58    1.9514    1.6354    0.0868
       59    1.9533    1.6342    0.0869
       60    1.9553    1.6330    0.0870
       61    1.9572    1.6319    0.0872
       62    1.9590    1.6308    0.0873
       63    1.9608    1.6297    0.0874
       64    1.9625    1.6287    0.0875
       65    1.9642    1.6276    0.0876
       66    1.9659    1.6266    0.0877
       67    1.9675    1.6257    0.0878
       68    1.9690    1.6247    0.0879
       69    1.9706    1.6238    0.0880
       70    1.9721    1.6229    0.0881
       71    1.9735    1.6220    0.0882
       72    1.9749    1.6211    0.0882
       73    1.9763    1.6203    0.0883
       74    1.9777    1.6195    0.0884
       75    1.9790    1.6187    0.0885
       76    1.9802    1.6179    0.0886
       77    1.9815    1.6172    0.0886
       78    1.9827    1.6165    0.0887
       79    1.9839    1.6157    0.0888
       80    1.9850    1.6151    0.0889
       81    1.9861    1.6144    0.0889
       82    1.9872    1.6137    0.0890
       83    1.9883    1.6131    0.0891
       84    1.9893    1.6124    0.0891
       85    1.9903    1.6118    0.0892
       86    1.9913    1.6112    0.0892
       87    1.9923    1.6107    0.0893
       88    1.9932    1.6101    0.0894
       89    1.9941    1.6095    0.0894
       90    1.9950    1.6090    0.0895
       91    1.9959    1.6085    0.0895
       92    1.9967    1.6080    0.0896
       93    1.9976    1.6075    0.0896
       94    1.9984    1.6070    0.0897
       95    1.9991    1.6065    0.0897
       96    1.9999    1.6061    0.0898
       97    2.0006    1.6056    0.0898
       98    2.0014    1.6052    0.0899
       99    2.0021    1.6048    0.0899
      100    2.0028    1.6043    0.0899
      101    2.0034    1.6039    0.0900
      102    2.0041    1.6035    0.0900
      103    2.0047    1.6032    0.0901
      104    2.0053    1.6028    0.0901
      105    2.0059    1.6024    0.0901
      106    2.0065    1.6021    0.0902
      107    2.0071    1.6017    0.0902
      108    2.0076    1.6014    0.0902
      109    2.0082    1.6011    0.0903
      110    2.0087    1.6007    0.0903
      111    2.0092    1.6004    0.0903
      112    2.0097    1.6001    0.0904
      113    2.0102    1.5998    0.0904
      114    2.0107    1.5995    0.0904
      115    2.0112    1.5993    0.0905
      116    2.0116    1.5990    0.0905
      117    2.0121    1.5987    0.0905
      118    2.0125    1.5985    0.0905
      119    2.0129    1.5982    0.0906
      120    2.0133    1.5980    0.0906
      121    2.0137    1.5977    0.0906
      122    2.0141    1.5975    0.0906
      123    2.0145    1.5973    0.0907
      124    2.0148    1.5970    0.0907
      125    2.0152    1.5968    0.0907
      126    2.0156    1.5966    0.0907
      127    2.0159    1.5964    0.0908
      128    2.0162    1.5962    0.0908
      129    2.0166    1.5960    0.0908
      130    2.0169    1.5958    0.0908
      131    2.0172    1.5956    0.0908
      132    2.0175    1.5954    0.0908
      133    2.0178    1.5953    0.0909
      134    2.0181    1.5951    0.0909
      135    2.0183    1.5949    0.0909
      136    2.0186    1.5948    0.0909
      137    2.0189    1.5946    0.0909
      138    2.0191    1.5945    0.0909
      139    2.0194    1.5943    0.0910
      140    2.0196    1.5942    0.0910
      141    2.0198    1.5940    0.0910
      142    2.0201    1.5939    0.0910
      143    2.0203    1.5937    0.0910
      144    2.0205    1.5936    0.0910
      145    2.0207    1.5935    0.0910
      146    2.0209    1.5933    0.0911
      147    2.0211    1.5932    0.0911
      148    2.0213    1.5931    0.0911
      149    2.0215    1.5930    0.0911
      150    2.0217    1.5929    0.0911
      151    2.0219    1.5928    0.0911
      152    2.0221    1.5927    0.0911
      153    2.0223    1.5926    0.0911
      154    2.0224    1.5924    0.0912
      155    2.0226    1.5923    0.0912
      156    2.0228    1.5923    0.0912
      157    2.0229    1.5922    0.0912
      158    2.0231    1.5921    0.0912
      159    2.0232    1.5920    0.0912
      160    2.0234    1.5919    0.0912
      161    2.0235    1.5918    0.0912
      162    2.0236    1.5917    0.0912
      163    2.0238    1.5916    0.0912
      164    2.0239    1.5916    0.0912
      165    2.0240    1.5915    0.0913
      166    2.0242    1.5914    0.0913
      167    2.0243    1.5913    0.0913
      168    2.0244    1.5913    0.0913
      169    2.0245    1.5912    0.0913
      170    2.0246    1.5911    0.0913
      171    2.0247    1.5911    0.0913
      172    2.0248    1.5910    0.0913
      173    2.0249    1.5909    0.0913
      174    2.0250    1.5909    0.0913
      175    2.0251    1.5908    0.0913
      176    2.0252    1.5908    0.0913
      177    2.0253    1.5907    0.0913
      178    2.0254    1.5906    0.0913
      179    2.0255    1.5906    0.0913
      180    2.0256    1.5905    0.0913
      181    2.0257    1.5905    0.0914
      182    2.0258    1.5904    0.0914
      183    2.0258    1.5904    0.0914
      184    2.0259    1.5903    0.0914
      185    2.0260    1.5903    0.0914
      186    2.0261    1.5903    0.0914
      187    2.0261    1.5902    0.0914
      188    2.0262    1.5902    0.0914
      189    2.0263    1.5901    0.0914
      190    2.0263    1.5901    0.0914
      191    2.0264    1.5900    0.0914
      192    2.0265    1.5900    0.0914
      193    2.0265    1.5900    0.0914
      194    2.0266    1.5899    0.0914
      195    2.0267    1.5899    0.0914
      196    2.0267    1.5899    0.0914
      197    2.0268    1.5898    0.0914
      198    2.0268    1.5898    0.0914
      199    2.0269    1.5898    0.0914
      200    2.0269    1.5897    0.0914
      201    2.0270    1.5897    0.0914
      202    2.0270    1.5897    0.0914
      203    2.0271    1.5896    0.0914
      204    2.0271    1.5896    0.0914
      205    2.0272    1.5896    0.0914
      206    2.0272    1.5896    0.0914
      207    2.0273    1.5895    0.0914
      208    2.0273    1.5895    0.0914
      209    2.0273    1.5895    0.0915
      210    2.0274    1.5895    0.0915
      211    2.0274    1.5894    0.0915
      212    2.0275    1.5894    0.0915
      213    2.0275    1.5894    0.0915
      214    2.0275    1.5894    0.0915
      215    2.0276    1.5894    0.0915
      216    2.0276    1.5893    0.0915
      217    2.0276    1.5893    0.0915
      218    2.0277    1.5893    0.0915
      219    2.0277    1.5893    0.0915
      220    2.0277    1.5893    0.0915
      221    2.0278    1.5892    0.0915
      222    2.0278    1.5892    0.0915
      223    2.0278    1.5892    0.0915
      224    2.0278    1.5892    0.0915
      225    2.0279    1.5892    0.0915
      226    2.0279    1.5892    0.0915
      227    2.0279    1.5891    0.0915
      228    2.0279    1.5891    0.0915
      229    2.0280    1.5891    0.0915
      230    2.0280    1.5891    0.0915
      231    2.0280    1.5891    0.0915
      232    2.0280    1.5891    0.0915
      233    2.0281    1.5891    0.0915
      234    2.0281    1.5890    0.0915
      235    2.0281    1.5890    0.0915
      236    2.0281    1.5890    0.0915
      237    2.0281    1.5890    0.0915
      238    2.0282    1.5890    0.0915
      239    2.0282    1.5890    0.0915
      240    2.0282    1.5890    0.0915
      241    2.0282    1.5890    0.0915
      242    2.0282    1.5889    0.0915
      243    2.0282    1.5889    0.0915
      244    2.0283    1.5889    0.0915
      245    2.0283    1.5889    0.0915
      246    2.0283    1.5889    0.0915
      247    2.0283    1.5889    0.0915
      248    2.0283    1.5889    0.0915
      249    2.0283    1.5889    0.0915
      250    2.0284    1.5889    0.0915
      251    2.0284    1.5889    0.0915
      252    2.0284    1.5889    0.0915
      253    2.0284    1.5888    0.0915
      254    2.0284    1.5888    0.0915

Converged Epsilon = 0.0000

iters 254
vector<3>
2.0284
1.5888
0.0915

Predicted and Actual Vectors for Polynomial Regression using Gauss Seidel
Predicted		Actual
2.0284                   2.7540
3.7088                   1.8948
5.5722                   5.6677
7.6186                   8.5087
9.8481                   10.9265
12.2606                   13.5301
14.8561                   11.8353
17.6347                   17.6240
20.5963                   21.1838
23.7409                   23.9396
==============================================================
Dataset 2
==============================================================
=============================================
Sum Vecctor:
10.0000     
45.0000     
285.0000     
2025.0000     
15333.0000     
X Matrix Polynomial Regression:
10.0000     45.0000     285.0000     
45.0000     285.0000     2025.0000     
285.0000     2025.0000     15333.0000     
Y Vecctor Polynomial Regression:
224.3629     
1741.2178     
13874.4913     
=============================================
 Array to Matrix Conversion    
10.0000     45.0000     285.0000     
45.0000     285.0000     2025.0000     
285.0000     2025.0000     15333.0000     
=============================================
=============================================
=============================================
Calling Gauss Seidel Solver
=============================================
=============================================
Gauss Seidel solution for plolynomial regression
     Iter        x0        x1        x2
        1    6.6432    4.0031    0.2527
        2   -2.7801    4.7529    0.3288
        3   -8.3239    5.0873    0.3877
        4  -11.5068    5.1715    0.4358
        5  -13.2548    5.1061    0.4769
        6  -14.1328    4.9526    0.5135
        7  -14.4848    4.7481    0.5470
        8  -14.5208    4.5155    0.5784
        9  -14.3686    4.2684    0.6082
       10  -14.1061    4.0151    0.6368
       11  -13.7807    3.7608    0.6643
       12  -13.4210    3.5083    0.6910
       13  -13.0447    3.2594    0.7169
       14  -12.6622    3.0152    0.7420
       15  -12.2798    2.7762    0.7665
       16  -11.9013    2.5427    0.7903
       17  -11.5289    2.3147    0.8135
       18  -11.1638    2.0923    0.8361
       19  -10.8067    1.8755    0.8581
       20  -10.4579    1.6641    0.8795
       21  -10.1175    1.4580    0.9004
       22   -9.7856    1.2572    0.9207
       23   -9.4619    1.0615    0.9406
       24   -9.1464    0.8708    0.9599
       25   -8.8389    0.6849    0.9787
       26   -8.5392    0.5038    0.9971
       27   -8.2471    0.3273    1.0149
       28   -7.9625    0.1554    1.0324
       29   -7.6851   -0.0122    1.0493
       30   -7.4148   -0.1755    1.0659
       31   -7.1515   -0.3347    1.0820
       32   -6.8948   -0.4897    1.0977
       33   -6.6447   -0.6408    1.1130
       34   -6.4010   -0.7881    1.1279
       35   -6.1636   -0.9315    1.1425
       36   -5.9321   -1.0713    1.1566
       37   -5.7066   -1.2076    1.1704
       38   -5.4869   -1.3403    1.1839
       39   -5.2728   -1.4697    1.1970
       40   -5.0642   -1.5958    1.2098
       41   -4.8608   -1.7186    1.2222
       42   -4.6627   -1.8383    1.2343
       43   -4.4697   -1.9549    1.2461
       44   -4.2815   -2.0686    1.2577
       45   -4.0982   -2.1794    1.2689
       46   -3.9196   -2.2873    1.2798
       47   -3.7455   -2.3924    1.2905
       48   -3.5759   -2.4949    1.3008
       49   -3.4106   -2.5948    1.3110
       50   -3.2495   -2.6921    1.3208
       51   -3.0926   -2.7869    1.3304
       52   -2.9397   -2.8793    1.3398
       53   -2.7906   -2.9694    1.3489
       54   -2.6454   -3.0571    1.3578
       55   -2.5039   -3.1426    1.3665
       56   -2.3660   -3.2259    1.3749
       57   -2.2316   -3.3071    1.3831
       58   -2.1007   -3.3862    1.3911
       59   -1.9731   -3.4633    1.3989
       60   -1.8488   -3.5384    1.4066
       61   -1.7276   -3.6116    1.4140
       62   -1.6096   -3.6829    1.4212
       63   -1.4945   -3.7524    1.4282
       64   -1.3824   -3.8202    1.4351
       65   -1.2732   -3.8862    1.4418
       66   -1.1667   -3.9505    1.4483
       67   -1.0630   -4.0132    1.4546
       68   -0.9619   -4.0742    1.4608
       69   -0.8634   -4.1337    1.4669
       70   -0.7674   -4.1917    1.4727
       71   -0.6739   -4.2482    1.4785
       72   -0.5828   -4.3033    1.4840
       73   -0.4940   -4.3569    1.4895
       74   -0.4074   -4.4092    1.4948
       75   -0.3231   -4.4602    1.4999
       76   -0.2409   -4.5098    1.5050
       77   -0.1609   -4.5582    1.5099
       78   -0.0828   -4.6053    1.5146
       79   -0.0068   -4.6513    1.5193
       80    0.0673   -4.6960    1.5238
       81    0.1395   -4.7397    1.5282
       82    0.2098   -4.7822    1.5325
       83    0.2784   -4.8236    1.5367
       84    0.3452   -4.8639    1.5408
       85    0.4103   -4.9033    1.5448
       86    0.4737   -4.9416    1.5487
       87    0.5355   -4.9789    1.5525
       88    0.5957   -5.0153    1.5562
       89    0.6544   -5.0508    1.5598
       90    0.7116   -5.0853    1.5633
       91    0.7674   -5.1190    1.5667
       92    0.8217   -5.1518    1.5700
       93    0.8746   -5.1838    1.5732
       94    0.9262   -5.2149    1.5764
       95    0.9764   -5.2453    1.5795
       96    1.0254   -5.2749    1.5825
       97    1.0731   -5.3037    1.5854
       98    1.1196   -5.3318    1.5882
       99    1.1649   -5.3592    1.5910
      100    1.2090   -5.3859    1.5937
      101    1.2521   -5.4119    1.5963
      102    1.2940   -5.4372    1.5989
      103    1.3348   -5.4619    1.6014
      104    1.3746   -5.4859    1.6038
      105    1.4134   -5.5093    1.6062
      106    1.4512   -5.5322    1.6085
      107    1.4881   -5.5544    1.6108
      108    1.5239   -5.5761    1.6130
      109    1.5589   -5.5973    1.6151
      110    1.5930   -5.6178    1.6172
      111    1.6262   -5.6379    1.6192
      112    1.6586   -5.6575    1.6212
      113    1.6901   -5.6765    1.6231
      114    1.7208   -5.6951    1.6250
      115    1.7508   -5.7132    1.6269
      116    1.7800   -5.7308    1.6286
      117    1.8084   -5.7480    1.6304
      118    1.8361   -5.7647    1.6321
      119    1.8631   -5.7810    1.6337
      120    1.8894   -5.7969    1.6353
      121    1.9150   -5.8124    1.6369
      122    1.9400   -5.8275    1.6384
      123    1.9644   -5.8422    1.6399
      124    1.9881   -5.8565    1.6414
      125    2.0112   -5.8705    1.6428
      126    2.0337   -5.8841    1.6442
      127    2.0557   -5.8974    1.6455
      128    2.0771   -5.9103    1.6468
      129    2.0979   -5.9229    1.6481
      130    2.1182   -5.9352    1.6494
      131    2.1380   -5.9471    1.6506
      132    2.1573   -5.9588    1.6517
      133    2.1761   -5.9701    1.6529
      134    2.1944   -5.9812    1.6540
      135    2.2122   -5.9920    1.6551
      136    2.2296   -6.0025    1.6562
      137    2.2466   -6.0127    1.6572
      138    2.2631   -6.0227    1.6582
      139    2.2792   -6.0324    1.6592
      140    2.2948   -6.0419    1.6602
      141    2.3101   -6.0511    1.6611
      142    2.3250   -6.0601    1.6620
      143    2.3395   -6.0689    1.6629
      144    2.3536   -6.0774    1.6638
      145    2.3674   -6.0857    1.6646
      146    2.3808   -6.0938    1.6654
      147    2.3939   -6.1017    1.6662
      148    2.4067   -6.1094    1.6670
      149    2.4191   -6.1169    1.6678
      150    2.4312   -6.1242    1.6685
      151    2.4430   -6.1314    1.6692
      152    2.4545   -6.1383    1.6699
      153    2.4657   -6.1451    1.6706
      154    2.4766   -6.1517    1.6713
      155    2.4872   -6.1581    1.6719
      156    2.4976   -6.1644    1.6726
      157    2.5077   -6.1705    1.6732
      158    2.5175   -6.1764    1.6738
      159    2.5271   -6.1822    1.6744
      160    2.5364   -6.1878    1.6749
      161    2.5455   -6.1933    1.6755
      162    2.5544   -6.1987    1.6760
      163    2.5631   -6.2039    1.6766
      164    2.5715   -6.2090    1.6771
      165    2.5797   -6.2140    1.6776
      166    2.5877   -6.2188    1.6781
      167    2.5955   -6.2235    1.6786
      168    2.6031   -6.2281    1.6790
      169    2.6105   -6.2326    1.6795
      170    2.6177   -6.2369    1.6799
      171    2.6247   -6.2412    1.6804
      172    2.6316   -6.2453    1.6808
      173    2.6382   -6.2493    1.6812
      174    2.6447   -6.2533    1.6816
      175    2.6511   -6.2571    1.6820
      176    2.6572   -6.2608    1.6823
      177    2.6633   -6.2645    1.6827
      178    2.6691   -6.2680    1.6831
      179    2.6748   -6.2715    1.6834
      180    2.6804   -6.2748    1.6838
      181    2.6858   -6.2781    1.6841
      182    2.6911   -6.2813    1.6844
      183    2.6963   -6.2844    1.6847
      184    2.7013   -6.2874    1.6850
      185    2.7062   -6.2904    1.6853
      186    2.7109   -6.2933    1.6856
      187    2.7156   -6.2961    1.6859
      188    2.7201   -6.2988    1.6862
      189    2.7245   -6.3015    1.6865
      190    2.7288   -6.3041    1.6867
      191    2.7330   -6.3066    1.6870
      192    2.7371   -6.3091    1.6872
      193    2.7411   -6.3115    1.6875
      194    2.7449   -6.3138    1.6877
      195    2.7487   -6.3161    1.6879
      196    2.7524   -6.3183    1.6882
      197    2.7560   -6.3205    1.6884
      198    2.7595   -6.3226    1.6886
      199    2.7629   -6.3246    1.6888
      200    2.7662   -6.3266    1.6890
      201    2.7694   -6.3286    1.6892
      202    2.7726   -6.3305    1.6894
      203    2.7756   -6.3324    1.6896
      204    2.7786   -6.3342    1.6898
      205    2.7815   -6.3359    1.6900
      206    2.7844   -6.3376    1.6901
      207    2.7872   -6.3393    1.6903
      208    2.7899   -6.3409    1.6905
      209    2.7925   -6.3425    1.6906
      210    2.7950   -6.3441    1.6908
      211    2.7975   -6.3456    1.6909
      212    2.8000   -6.3471    1.6911
      213    2.8023   -6.3485    1.6912
      214    2.8046   -6.3499    1.6914
      215    2.8069   -6.3512    1.6915
      216    2.8091   -6.3526    1.6916
      217    2.8112   -6.3539    1.6918
      218    2.8133   -6.3551    1.6919
      219    2.8153   -6.3563    1.6920
      220    2.8173   -6.3575    1.6921
      221    2.8192   -6.3587    1.6923
      222    2.8211   -6.3598    1.6924
      223    2.8229   -6.3609    1.6925
      224    2.8247   -6.3620    1.6926
      225    2.8265   -6.3631    1.6927
      226    2.8282   -6.3641    1.6928
      227    2.8298   -6.3651    1.6929
      228    2.8314   -6.3661    1.6930
      229    2.8330   -6.3670    1.6931
      230    2.8345   -6.3679    1.6932
      231    2.8360   -6.3688    1.6933
      232    2.8374   -6.3697    1.6934
      233    2.8388   -6.3705    1.6935
      234    2.8402   -6.3714    1.6935
      235    2.8416   -6.3722    1.6936
      236    2.8429   -6.3730    1.6937
      237    2.8441   -6.3737    1.6938
      238    2.8454   -6.3745    1.6939
      239    2.8466   -6.3752    1.6939
      240    2.8478   -6.3759    1.6940
      241    2.8489   -6.3766    1.6941
      242    2.8500   -6.3773    1.6941
      243    2.8511   -6.3780    1.6942
      244    2.8522   -6.3786    1.6943
      245    2.8532   -6.3792    1.6943
      246    2.8542   -6.3798    1.6944
      247    2.8552   -6.3804    1.6945
      248    2.8562   -6.3810    1.6945
      249    2.8571   -6.3816    1.6946
      250    2.8580   -6.3821    1.6946
      251    2.8589   -6.3827    1.6947
      252    2.8598   -6.3832    1.6947
      253    2.8606   -6.3837    1.6948
      254    2.8614   -6.3842    1.6948
      255    2.8622   -6.3847    1.6949
      256    2.8630   -6.3851    1.6949
      257    2.8638   -6.3856    1.6950
      258    2.8645   -6.3860    1.6950
      259    2.8652   -6.3865    1.6951
      260    2.8659   -6.3869    1.6951
      261    2.8666   -6.3873    1.6952
      262    2.8673   -6.3877    1.6952
      263    2.8679   -6.3881    1.6952
      264    2.8686   -6.3885    1.6953
      265    2.8692   -6.3889    1.6953
      266    2.8698   -6.3892    1.6954
      267    2.8704   -6.3896    1.6954
      268    2.8709   -6.3899    1.6954
      269    2.8715   -6.3903    1.6955
      270    2.8720   -6.3906    1.6955
      271    2.8726   -6.3909    1.6955
      272    2.8731   -6.3912    1.6956
      273    2.8736   -6.3915    1.6956
      274    2.8741   -6.3918    1.6956
      275    2.8745   -6.3921    1.6956
      276    2.8750   -6.3924    1.6957
      277    2.8755   -6.3927    1.6957
      278    2.8759   -6.3929    1.6957
      279    2.8763   -6.3932    1.6958
      280    2.8767   -6.3934    1.6958
      281    2.8772   -6.3937    1.6958
      282    2.8775   -6.3939    1.6958
      283    2.8779   -6.3942    1.6958
      284    2.8783   -6.3944    1.6959
      285    2.8787   -6.3946    1.6959
      286    2.8790   -6.3948    1.6959
      287    2.8794   -6.3950    1.6959
      288    2.8797   -6.3952    1.6960
      289    2.8801   -6.3954    1.6960
      290    2.8804   -6.3956    1.6960
      291    2.8807   -6.3958    1.6960
      292    2.8810   -6.3960    1.6960
      293    2.8813   -6.3962    1.6961
      294    2.8816   -6.3964    1.6961
      295    2.8819   -6.3965    1.6961
      296    2.8822   -6.3967    1.6961
      297    2.8824   -6.3969    1.6961
      298    2.8827   -6.3970    1.6961
      299    2.8829   -6.3972    1.6962
      300    2.8832   -6.3973    1.6962
      301    2.8834   -6.3975    1.6962
      302    2.8837   -6.3976    1.6962
      303    2.8839   -6.3978    1.6962
      304    2.8841   -6.3979    1.6962
      305    2.8843   -6.3980    1.6962
      306    2.8846   -6.3982    1.6963
      307    2.8848   -6.3983    1.6963
      308    2.8850   -6.3984    1.6963
      309    2.8852   -6.3985    1.6963
      310    2.8854   -6.3986    1.6963
      311    2.8855   -6.3988    1.6963
      312    2.8857   -6.3989    1.6963
      313    2.8859   -6.3990    1.6963
      314    2.8861   -6.3991    1.6963
      315    2.8862   -6.3992    1.6964
      316    2.8864   -6.3993    1.6964
      317    2.8866   -6.3994    1.6964
      318    2.8867   -6.3995    1.6964
      319    2.8869   -6.3996    1.6964
      320    2.8870   -6.3997    1.6964
      321    2.8872   -6.3997    1.6964
      322    2.8873   -6.3998    1.6964
      323    2.8875   -6.3999    1.6964
      324    2.8876   -6.4000    1.6964
      325    2.8877   -6.4001    1.6964
      326    2.8878   -6.4002    1.6965
      327    2.8880   -6.4002    1.6965
      328    2.8881   -6.4003    1.6965
      329    2.8882   -6.4004    1.6965
      330    2.8883   -6.4004    1.6965
      331    2.8884   -6.4005    1.6965
      332    2.8885   -6.4006    1.6965
      333    2.8886   -6.4006    1.6965
      334    2.8888   -6.4007    1.6965
      335    2.8889   -6.4008    1.6965
      336    2.8890   -6.4008    1.6965
      337    2.8890   -6.4009    1.6965
      338    2.8891   -6.4009    1.6965
      339    2.8892   -6.4010    1.6965
      340    2.8893   -6.4010    1.6965
      341    2.8894   -6.4011    1.6966
      342    2.8895   -6.4011    1.6966
      343    2.8896   -6.4012    1.6966
      344    2.8897   -6.4012    1.6966
      345    2.8897   -6.4013    1.6966
      346    2.8898   -6.4013    1.6966
      347    2.8899   -6.4014    1.6966
      348    2.8899   -6.4014    1.6966
      349    2.8900   -6.4015    1.6966
      350    2.8901   -6.4015    1.6966
      351    2.8902   -6.4015    1.6966
      352    2.8902   -6.4016    1.6966
      353    2.8903   -6.4016    1.6966
      354    2.8903   -6.4017    1.6966
      355    2.8904   -6.4017    1.6966
      356    2.8905   -6.4017    1.6966
      357    2.8905   -6.4018    1.6966
      358    2.8906   -6.4018    1.6966
      359    2.8906   -6.4018    1.6966
      360    2.8907   -6.4019    1.6966
      361    2.8907   -6.4019    1.6966
      362    2.8908   -6.4019    1.6966
      363    2.8908   -6.4020    1.6966
      364    2.8909   -6.4020    1.6966
      365    2.8909   -6.4020    1.6966
      366    2.8910   -6.4020    1.6966
      367    2.8910   -6.4021    1.6967
      368    2.8911   -6.4021    1.6967
      369    2.8911   -6.4021    1.6967
      370    2.8911   -6.4021    1.6967
      371    2.8912   -6.4022    1.6967
      372    2.8912   -6.4022    1.6967
      373    2.8913   -6.4022    1.6967
      374    2.8913   -6.4022    1.6967
      375    2.8913   -6.4023    1.6967
      376    2.8914   -6.4023    1.6967
      377    2.8914   -6.4023    1.6967
      378    2.8914   -6.4023    1.6967
      379    2.8915   -6.4023    1.6967
      380    2.8915   -6.4024    1.6967
      381    2.8915   -6.4024    1.6967
      382    2.8916   -6.4024    1.6967
      383    2.8916   -6.4024    1.6967
      384    2.8916   -6.4024    1.6967
      385    2.8916   -6.4024    1.6967
      386    2.8917   -6.4025    1.6967
      387    2.8917   -6.4025    1.6967
      388    2.8917   -6.4025    1.6967
      389    2.8917   -6.4025    1.6967
      390    2.8918   -6.4025    1.6967
      391    2.8918   -6.4025    1.6967
      392    2.8918   -6.4026    1.6967
      393    2.8918   -6.4026    1.6967
      394    2.8919   -6.4026    1.6967
      395    2.8919   -6.4026    1.6967
      396    2.8919   -6.4026    1.6967

Converged Epsilon = 0.0000

iters 396
vector<3>
2.8919
-6.4026
1.6967

Predicted and Actual Vectors for Polynomial Regression using Gauss Seidel
Predicted		Actual
2.8919                   -0.5047
-1.8140                   -6.0798
-3.1265                   5.9227
-1.0456                   4.9562
4.4288                   1.5545
13.2965                   14.1433
25.5576                   22.3778
41.2122                   36.1013
60.2602                   56.3503
82.7015                   89.5412
End Polynomial Regression
==============================================
==============================================
Start Multivariable Regression 
==================================================================
Start Selecting two features processing for Matrix Housing dataset : 
============================================
=============================================
X Matrix Multivariable Linear Regression
546.0000     173.5830     269.8333     
173.5830     64.9473     87.1460     
269.8333     87.1460     141.5833     
=============================================
=============================================
=============================================
Calling Gauss Elimination Solver
=============================================
=============================================
System is ill condition
vector<3>
0.0295
0.5161
0.3337

==================================================================
Features Selected: 0 & 1
==================================================================
Predicted and Actual First 20 Samples Vectors of Multivarible Linear Regression using Gauss Elimination Solver
Predicted                   Actual
72724.8334                   42000.0000
50959.3910                   38500.0000
55836.9018                   49500.0000
77567.2510                   60500.0000
65244.5231                   61000.0000
62495.2261                   66000.0000
60800.3799                   66000.0000
62495.2261                   69000.0000
66369.1602                   83800.0000
70606.2757                   88500.0000
80896.4132                   90000.0000
44906.3690                   30500.0000
47604.7918                   27000.0000
54747.3578                   36000.0000
48538.1822                   37000.0000
46026.1780                   37900.0000
57289.6271                   40500.0000
79357.7205                   40750.0000
37062.8774                   45000.0000
50874.6487                   45000.0000
Mean Squared Error of Multivarible Linear Regression  
 Gauss Elimination Mean Squared Error 0,1:  448196130.4555
==================================================================
============================================
=============================================
X Matrix Multivariable Linear Regression
546.0000     173.5830     269.8333     
173.5830     64.9473     87.1460     
269.8333     87.1460     141.5833     
=============================================
=============================================
=============================================
Calling Gauss Seidel Solver
=============================================
=============================================
     Iter        x0        x1        x2
        1    0.3453    0.1570   -0.0471
        2    0.3319    0.2190   -0.0597
        3    0.3184    0.2719   -0.0665
        4    0.3050    0.3170   -0.0686
        5    0.2917    0.3553   -0.0669
        6    0.2787    0.3879   -0.0621
        7    0.2659    0.4155   -0.0549
        8    0.2536    0.4387   -0.0456
        9    0.2416    0.4583   -0.0349
       10    0.2301    0.4747   -0.0230
       11    0.2190    0.4884   -0.0103
       12    0.2083    0.4998    0.0030
       13    0.1982    0.5092    0.0166
       14    0.1885    0.5169    0.0304
       15    0.1792    0.5231    0.0441
       16    0.1704    0.5281    0.0578
       17    0.1621    0.5321    0.0713
       18    0.1541    0.5352    0.0845
       19    0.1466    0.5375    0.0974
       20    0.1395    0.5393    0.1098
       21    0.1328    0.5405    0.1219
       22    0.1265    0.5413    0.1335
       23    0.1205    0.5417    0.1446
       24    0.1149    0.5418    0.1553
       25    0.1095    0.5417    0.1655
       26    0.1045    0.5414    0.1752
       27    0.0998    0.5409    0.1845
       28    0.0954    0.5403    0.1933
       29    0.0912    0.5396    0.2017
       30    0.0873    0.5388    0.2096
       31    0.0837    0.5380    0.2171
       32    0.0802    0.5372    0.2242
       33    0.0770    0.5363    0.2309
       34    0.0739    0.5354    0.2372
       35    0.0711    0.5345    0.2432
       36    0.0684    0.5337    0.2488
       37    0.0659    0.5328    0.2541
       38    0.0636    0.5320    0.2591
       39    0.0614    0.5311    0.2638
       40    0.0593    0.5303    0.2682
       41    0.0574    0.5296    0.2723
       42    0.0556    0.5288    0.2762
       43    0.0539    0.5281    0.2799
       44    0.0523    0.5274    0.2833
       45    0.0508    0.5268    0.2865
       46    0.0495    0.5262    0.2895
       47    0.0482    0.5256    0.2924
       48    0.0469    0.5250    0.2950
       49    0.0458    0.5245    0.2975
       50    0.0448    0.5240    0.2999
       51    0.0438    0.5235    0.3020
       52    0.0428    0.5231    0.3041
       53    0.0420    0.5226    0.3060
       54    0.0411    0.5222    0.3078
       55    0.0404    0.5219    0.3095
       56    0.0397    0.5215    0.3111
       57    0.0390    0.5212    0.3125
       58    0.0384    0.5208    0.3139
       59    0.0378    0.5205    0.3152
       60    0.0373    0.5203    0.3164
       61    0.0368    0.5200    0.3175
       62    0.0363    0.5198    0.3186
       63    0.0359    0.5195    0.3196
       64    0.0354    0.5193    0.3205
       65    0.0350    0.5191    0.3214
       66    0.0347    0.5189    0.3222
       67    0.0344    0.5187    0.3229
       68    0.0340    0.5186    0.3236
       69    0.0337    0.5184    0.3243
       70    0.0335    0.5183    0.3249
       71    0.0332    0.5181    0.3255
       72    0.0330    0.5180    0.3260
       73    0.0327    0.5179    0.3265
       74    0.0325    0.5177    0.3270
       75    0.0323    0.5176    0.3274
       76    0.0321    0.5175    0.3278
       77    0.0320    0.5174    0.3282
       78    0.0318    0.5174    0.3286
       79    0.0317    0.5173    0.3289
       80    0.0315    0.5172    0.3292
       81    0.0314    0.5171    0.3295
       82    0.0313    0.5171    0.3298
       83    0.0312    0.5170    0.3301
       84    0.0311    0.5169    0.3303
       85    0.0310    0.5169    0.3305
       86    0.0309    0.5168    0.3307
       87    0.0308    0.5168    0.3309
       88    0.0307    0.5167    0.3311
       89    0.0306    0.5167    0.3313
       90    0.0305    0.5167    0.3314
       91    0.0305    0.5166    0.3316
       92    0.0304    0.5166    0.3317
       93    0.0304    0.5166    0.3319
       94    0.0303    0.5165    0.3320
       95    0.0303    0.5165    0.3321
       96    0.0302    0.5165    0.3322
       97    0.0302    0.5164    0.3323
       98    0.0301    0.5164    0.3324
       99    0.0301    0.5164    0.3325
      100    0.0301    0.5164    0.3326
      101    0.0300    0.5164    0.3326
      102    0.0300    0.5163    0.3327
      103    0.0300    0.5163    0.3328
      104    0.0299    0.5163    0.3328
      105    0.0299    0.5163    0.3329
      106    0.0299    0.5163    0.3329
      107    0.0299    0.5163    0.3330
      108    0.0298    0.5163    0.3330
      109    0.0298    0.5163    0.3331
      110    0.0298    0.5162    0.3331
      111    0.0298    0.5162    0.3332
      112    0.0298    0.5162    0.3332
      113    0.0298    0.5162    0.3332
      114    0.0297    0.5162    0.3333
      115    0.0297    0.5162    0.3333
      116    0.0297    0.5162    0.3333
      117    0.0297    0.5162    0.3333
      118    0.0297    0.5162    0.3334
      119    0.0297    0.5162    0.3334
      120    0.0297    0.5162    0.3334
      121    0.0297    0.5162    0.3334
      122    0.0297    0.5162    0.3334
      123    0.0296    0.5162    0.3335
      124    0.0296    0.5162    0.3335
      125    0.0296    0.5162    0.3335
      126    0.0296    0.5161    0.3335
      127    0.0296    0.5161    0.3335
      128    0.0296    0.5161    0.3335
      129    0.0296    0.5161    0.3335
      130    0.0296    0.5161    0.3336
      131    0.0296    0.5161    0.3336
      132    0.0296    0.5161    0.3336
      133    0.0296    0.5161    0.3336
      134    0.0296    0.5161    0.3336
      135    0.0296    0.5161    0.3336
      136    0.0296    0.5161    0.3336
      137    0.0296    0.5161    0.3336
      138    0.0296    0.5161    0.3336
      139    0.0296    0.5161    0.3336
      140    0.0296    0.5161    0.3336
      141    0.0296    0.5161    0.3336
      142    0.0296    0.5161    0.3336
      143    0.0296    0.5161    0.3336
      144    0.0296    0.5161    0.3336
      145    0.0296    0.5161    0.3337
      146    0.0296    0.5161    0.3337
      147    0.0296    0.5161    0.3337
      148    0.0296    0.5161    0.3337
      149    0.0296    0.5161    0.3337
      150    0.0296    0.5161    0.3337
      151    0.0296    0.5161    0.3337
      152    0.0296    0.5161    0.3337
      153    0.0296    0.5161    0.3337
      154    0.0296    0.5161    0.3337
      155    0.0296    0.5161    0.3337
      156    0.0296    0.5161    0.3337
      157    0.0296    0.5161    0.3337
      158    0.0295    0.5161    0.3337
      159    0.0295    0.5161    0.3337
      160    0.0295    0.5161    0.3337
      161    0.0295    0.5161    0.3337
      162    0.0295    0.5161    0.3337
      163    0.0295    0.5161    0.3337
      164    0.0295    0.5161    0.3337
      165    0.0295    0.5161    0.3337
      166    0.0295    0.5161    0.3337
      167    0.0295    0.5161    0.3337
      168    0.0295    0.5161    0.3337

Converged Epsilon = 0.0000

iters 168
vector<3>
0.0295
0.5161
0.3337

Predicted and Actual First 20 Samples Vectors of Multivarible Linear Regression using Gauss Seidel  Solver
Predicted                   Actual
72724.9062                   42000.0000
50959.7585                   38500.0000
55836.8836                   49500.0000
77567.3499                   60500.0000
65244.9676                   61000.0000
62495.2437                   66000.0000
60800.3884                   66000.0000
62495.2437                   69000.0000
66369.1987                   83800.0000
70606.3370                   88500.0000
80896.5300                   90000.0000
44906.7039                   30500.0000
47604.7292                   27000.0000
54747.3337                   36000.0000
48538.5367                   37000.0000
46026.5190                   37900.0000
57289.6167                   40500.0000
79357.4171                   40750.0000
37063.5820                   45000.0000
50875.0158                   45000.0000
 Gauss Seidel Mean Squared Error  0, 1:  448196130.4555
==================================================================
============================================
=============================================
X Matrix Multivariable Linear Regression
546.0000     173.5830     175.5000     
173.5830     64.9473     57.5695     
175.5000     57.5695     65.0000     
=============================================
=============================================
=============================================
Calling Gauss Elimination Solver
=============================================
=============================================
System is ill condition
vector<3>
0.0531
0.4753
0.4802

==================================================================
Features Selected: 0 & 2
==================================================================
Predicted and Actual First 20 Samples Vectors of Multivarible Linear Regression using Gauss Elimination Solver
Predicted                   Actual
65504.8429                   42000.0000
55191.6585                   38500.0000
49951.4459                   49500.0000
69964.5983                   60500.0000
68347.9370                   61000.0000
56083.6096                   66000.0000
77334.1541                   66000.0000
56083.6096                   69000.0000
59651.4139                   83800.0000
86365.1588                   88500.0000
95842.1391                   90000.0000
49616.9643                   30500.0000
42369.8617                   27000.0000
48948.0009                   36000.0000
52961.7808                   37000.0000
50648.2827                   37900.0000
51289.3725                   40500.0000
61881.2916                   40750.0000
52125.5767                   45000.0000
77925.0717                   45000.0000
Mean Squared Error of Multivarible Linear Regression  
 Gauss Elimination Mean Squared Error 0,2:  381351647.7990
==================================================================
============================================
=============================================
X Matrix Multivariable Linear Regression
546.0000     173.5830     175.5000     
173.5830     64.9473     57.5695     
175.5000     57.5695     65.0000     
=============================================
=============================================
=============================================
Calling Gauss Seidel Solver
=============================================
=============================================
     Iter        x0        x1        x2
        1    0.3312    0.1564    0.0119
        2    0.3050    0.2171    0.0287
        3    0.2803    0.2683    0.0501
        4    0.2571    0.3111    0.0746
        5    0.2356    0.3469    0.1010
        6    0.2158    0.3766    0.1284
        7    0.1976    0.4010    0.1559
        8    0.1809    0.4211    0.1830
        9    0.1658    0.4373    0.2094
       10    0.1522    0.4504    0.2346
       11    0.1399    0.4609    0.2585
       12    0.1289    0.4691    0.2809
       13    0.1191    0.4755    0.3018
       14    0.1104    0.4804    0.3210
       15    0.1026    0.4839    0.3388
       16    0.0958    0.4865    0.3549
       17    0.0898    0.4883    0.3697
       18    0.0845    0.4893    0.3830
       19    0.0799    0.4899    0.3949
       20    0.0758    0.4900    0.4057
       21    0.0723    0.4899    0.4153
       22    0.0693    0.4894    0.4238
       23    0.0667    0.4889    0.4314
       24    0.0644    0.4882    0.4381
       25    0.0625    0.4874    0.4440
       26    0.0609    0.4866    0.4492
       27    0.0595    0.4857    0.4538
       28    0.0583    0.4849    0.4577
       29    0.0573    0.4841    0.4612
       30    0.0564    0.4833    0.4641
       31    0.0557    0.4825    0.4667
       32    0.0551    0.4818    0.4689
       33    0.0546    0.4811    0.4708
       34    0.0542    0.4805    0.4725
       35    0.0539    0.4799    0.4739
       36    0.0536    0.4794    0.4750
       37    0.0534    0.4789    0.4760
       38    0.0533    0.4785    0.4769
       39    0.0531    0.4781    0.4776
       40    0.0530    0.4778    0.4782
       41    0.0529    0.4775    0.4786
       42    0.0529    0.4772    0.4790
       43    0.0528    0.4769    0.4794
       44    0.0528    0.4767    0.4796
       45    0.0528    0.4765    0.4799
       46    0.0528    0.4764    0.4800
       47    0.0528    0.4762    0.4802
       48    0.0528    0.4761    0.4803
       49    0.0528    0.4760    0.4803
       50    0.0528    0.4759    0.4804
       51    0.0528    0.4758    0.4804
       52    0.0529    0.4757    0.4805
       53    0.0529    0.4756    0.4805
       54    0.0529    0.4756    0.4805
       55    0.0529    0.4755    0.4805
       56    0.0529    0.4755    0.4805
       57    0.0529    0.4755    0.4805
       58    0.0529    0.4754    0.4805
       59    0.0530    0.4754    0.4805
       60    0.0530    0.4754    0.4804
       61    0.0530    0.4754    0.4804
       62    0.0530    0.4754    0.4804
       63    0.0530    0.4753    0.4804
       64    0.0530    0.4753    0.4804
       65    0.0530    0.4753    0.4804
       66    0.0530    0.4753    0.4804
       67    0.0530    0.4753    0.4803
       68    0.0530    0.4753    0.4803
       69    0.0530    0.4753    0.4803
       70    0.0530    0.4753    0.4803
       71    0.0530    0.4753    0.4803
       72    0.0530    0.4753    0.4803
       73    0.0530    0.4753    0.4803
       74    0.0530    0.4753    0.4803
       75    0.0530    0.4753    0.4803
       76    0.0530    0.4753    0.4803
       77    0.0531    0.4753    0.4803
       78    0.0531    0.4753    0.4803
       79    0.0531    0.4753    0.4803
       80    0.0531    0.4753    0.4803
       81    0.0531    0.4753    0.4803
       82    0.0531    0.4753    0.4803
       83    0.0531    0.4753    0.4803

Converged Epsilon = 0.0000

iters 83
vector<3>
0.0531
0.4753
0.4803

Predicted and Actual First 20 Samples Vectors of Multivarible Linear Regression using Gauss Seidel  Solver
Predicted                   Actual
65504.5273                   42000.0000
55191.4535                   38500.0000
49951.2971                   49500.0000
69964.2349                   60500.0000
68347.5909                   61000.0000
56083.3950                   66000.0000
77334.5453                   66000.0000
56083.3950                   69000.0000
59651.1611                   83800.0000
86365.4531                   88500.0000
95842.3317                   90000.0000
49616.8190                   30500.0000
42369.7942                   27000.0000
48947.8629                   36000.0000
52961.5997                   37000.0000
50648.1264                   37900.0000
51289.2094                   40500.0000
61881.0149                   40750.0000
52125.4045                   45000.0000
77925.4565                   45000.0000
 Gauss Seidel Mean Squared Error  0, 2:  381351647.7990
==================================================================
============================================
=============================================
X Matrix Multivariable Linear Regression
546.0000     173.5830     246.7500     
173.5830     64.9473     79.7709     
246.7500     79.7709     137.1875     
=============================================
=============================================
=============================================
Calling Gauss Elimination Solver
=============================================
=============================================
System is ill condition
vector<3>
0.0793
0.5293
0.2454

==================================================================
Features Selected: 0 & 3
==================================================================
Predicted and Actual First 20 Samples Vectors of Multivarible Linear Regression using Gauss Elimination Solver
Predicted                   Actual
74707.4039                   42000.0000
51565.2888                   38500.0000
45729.5936                   49500.0000
79673.9530                   60500.0000
66216.6087                   61000.0000
52558.5986                   66000.0000
62477.2767                   66000.0000
75872.5392                   69000.0000
56531.8379                   83800.0000
95848.4792                   88500.0000
71431.4852                   90000.0000
45357.1024                   30500.0000
48943.4304                   27000.0000
44612.1201                   36000.0000
49082.0142                   37000.0000
46505.6169                   37900.0000
58876.5286                   40500.0000
82329.0530                   40750.0000
48150.7863                   45000.0000
51478.3742                   45000.0000
Mean Squared Error of Multivarible Linear Regression  
 Gauss Elimination Mean Squared Error 0,3:  405883002.9714
==================================================================
============================================
=============================================
X Matrix Multivariable Linear Regression
546.0000     173.5830     246.7500     
173.5830     64.9473     79.7709     
246.7500     79.7709     137.1875     
=============================================
=============================================
=============================================
Calling Gauss Seidel Solver
=============================================
=============================================
     Iter        x0        x1        x2
        1    0.3308    0.1564    0.0100
        2    0.3043    0.2172    0.0223
        3    0.2794    0.2687    0.0371
        4    0.2563    0.3121    0.0534
        5    0.2352    0.3487    0.0701
        6    0.2160    0.3794    0.0868
        7    0.1987    0.4052    0.1030
        8    0.1832    0.4268    0.1183
        9    0.1694    0.4448    0.1326
       10    0.1572    0.4598    0.1458
       11    0.1465    0.4723    0.1579
       12    0.1371    0.4826    0.1688
       13    0.1288    0.4912    0.1786
       14    0.1217    0.4983    0.1873
       15    0.1155    0.5042    0.1951
       16    0.1101    0.5090    0.2020
       17    0.1055    0.5129    0.2080
       18    0.1015    0.5161    0.2133
       19    0.0981    0.5188    0.2179
       20    0.0951    0.5209    0.2219
       21    0.0926    0.5227    0.2254
       22    0.0905    0.5241    0.2284
       23    0.0887    0.5252    0.2309
       24    0.0872    0.5261    0.2332
       25    0.0859    0.5269    0.2351
       26    0.0848    0.5274    0.2367
       27    0.0839    0.5279    0.2381
       28    0.0831    0.5283    0.2392
       29    0.0825    0.5286    0.2402
       30    0.0819    0.5288    0.2411
       31    0.0815    0.5289    0.2418
       32    0.0811    0.5291    0.2424
       33    0.0808    0.5292    0.2429
       34    0.0805    0.5293    0.2433
       35    0.0803    0.5293    0.2437
       36    0.0801    0.5293    0.2440
       37    0.0800    0.5294    0.2442
       38    0.0799    0.5294    0.2445
       39    0.0798    0.5294    0.2446
       40    0.0797    0.5294    0.2448
       41    0.0796    0.5294    0.2449
       42    0.0796    0.5294    0.2450
       43    0.0795    0.5294    0.2451
       44    0.0795    0.5294    0.2451
       45    0.0794    0.5294    0.2452
       46    0.0794    0.5294    0.2452
       47    0.0794    0.5294    0.2453
       48    0.0794    0.5294    0.2453
       49    0.0794    0.5294    0.2453
       50    0.0794    0.5294    0.2453
       51    0.0794    0.5294    0.2454
       52    0.0794    0.5294    0.2454
       53    0.0794    0.5294    0.2454
       54    0.0794    0.5294    0.2454
       55    0.0793    0.5294    0.2454
       56    0.0793    0.5293    0.2454

Converged Epsilon = 0.0000

iters 56
vector<3>
0.0793
0.5293
0.2454

Predicted and Actual First 20 Samples Vectors of Multivarible Linear Regression using Gauss Seidel  Solver
Predicted                   Actual
74707.6837                   42000.0000
51565.8554                   38500.0000
45729.9629                   49500.0000
79674.4007                   60500.0000
66217.6706                   61000.0000
52559.1988                   66000.0000
62477.1430                   66000.0000
75871.7891                   69000.0000
56532.5724                   83800.0000
95847.3353                   88500.0000
71432.7235                   90000.0000
45357.4591                   30500.0000
48942.8391                   27000.0000
44612.4516                   36000.0000
49082.4969                   37000.0000
46506.0124                   37900.0000
58876.2732                   40500.0000
82328.5213                   40750.0000
48151.2374                   45000.0000
51478.9378                   45000.0000
 Gauss Seidel Mean Squared Error  0, 3:  405883002.9714
==================================================================
============================================
=============================================
X Matrix Multivariable Linear Regression
546.0000     269.8333     175.5000     
269.8333     141.5833     89.8750     
175.5000     89.8750     65.0000     
=============================================
=============================================
=============================================
Calling Gauss Elimination Solver
=============================================
=============================================
System is ill condition
vector<3>
0.0858
0.2304
0.4942

==================================================================
Features Selected: 1 & 2
==================================================================
Predicted and Actual First 20 Samples Vectors of Multivarible Linear Regression using Gauss Elimination Solver
Predicted                   Actual
61668.9176                   42000.0000
54373.6118                   38500.0000
61668.9176                   49500.0000
61668.9176                   60500.0000
54373.6118                   61000.0000
61668.9176                   66000.0000
85141.8267                   66000.0000
61668.9176                   69000.0000
61668.9176                   83800.0000
85141.8267                   88500.0000
85141.8267                   90000.0000
54373.6118                   30500.0000
61668.9176                   27000.0000
61668.9176                   36000.0000
54373.6118                   37000.0000
54373.6118                   37900.0000
61668.9176                   40500.0000
68964.2233                   40750.0000
47078.3061                   45000.0000
77846.5210                   45000.0000
Mean Squared Error of Multivarible Linear Regression  
 Gauss Elimination Mean Squared Error 1,2:  496846266.5140
==================================================================
============================================
=============================================
X Matrix Multivariable Linear Regression
546.0000     269.8333     175.5000     
269.8333     141.5833     89.8750     
175.5000     89.8750     65.0000     
=============================================
=============================================
=============================================
Calling Gauss Seidel Solver
=============================================
=============================================
     Iter        x0        x1        x2
        1    0.3328    0.0464    0.0819
        2    0.3093    0.0662    0.1179
        3    0.2879    0.0841    0.1508
        4    0.2685    0.1002    0.1809
        5    0.2508    0.1148    0.2085
        6    0.2348    0.1278    0.2338
        7    0.2202    0.1396    0.2569
        8    0.2070    0.1501    0.2781
        9    0.1950    0.1596    0.2974
       10    0.1841    0.1681    0.3151
       11    0.1742    0.1756    0.3313
       12    0.1652    0.1824    0.3461
       13    0.1571    0.1885    0.3596
       14    0.1498    0.1939    0.3719
       15    0.1432    0.1988    0.3831
       16    0.1372    0.2031    0.3934
       17    0.1317    0.2069    0.4027
       18    0.1268    0.2103    0.4112
       19    0.1224    0.2133    0.4190
       20    0.1184    0.2160    0.4261
       21    0.1148    0.2183    0.4325
       22    0.1116    0.2204    0.4384
       23    0.1087    0.2222    0.4437
       24    0.1061    0.2238    0.4486
       25    0.1037    0.2252    0.4530
       26    0.1016    0.2264    0.4570
       27    0.0997    0.2275    0.4607
       28    0.0981    0.2284    0.4640
       29    0.0965    0.2292    0.4670
       30    0.0952    0.2298    0.4697
       31    0.0940    0.2304    0.4722
       32    0.0929    0.2309    0.4744
       33    0.0919    0.2313    0.4764
       34    0.0911    0.2316    0.4782
       35    0.0903    0.2319    0.4799
       36    0.0897    0.2322    0.4814
       37    0.0891    0.2323    0.4827
       38    0.0885    0.2325    0.4840
       39    0.0881    0.2326    0.4851
       40    0.0877    0.2327    0.4861
       41    0.0873    0.2327    0.4870
       42    0.0870    0.2327    0.4878
       43    0.0867    0.2327    0.4885
       44    0.0865    0.2327    0.4891
       45    0.0863    0.2327    0.4897
       46    0.0861    0.2327    0.4902
       47    0.0860    0.2326    0.4907
       48    0.0858    0.2326    0.4911
       49    0.0857    0.2325    0.4915
       50    0.0856    0.2324    0.4919
       51    0.0856    0.2324    0.4922
       52    0.0855    0.2323    0.4924
       53    0.0855    0.2322    0.4927
       54    0.0854    0.2322    0.4929
       55    0.0854    0.2321    0.4931
       56    0.0854    0.2320    0.4932
       57    0.0853    0.2319    0.4934
       58    0.0853    0.2319    0.4935
       59    0.0853    0.2318    0.4936
       60    0.0853    0.2317    0.4937
       61    0.0853    0.2316    0.4938
       62    0.0853    0.2316    0.4939
       63    0.0853    0.2315    0.4940
       64    0.0853    0.2315    0.4940
       65    0.0854    0.2314    0.4941
       66    0.0854    0.2313    0.4941

Converged Epsilon = 0.0000

iters 66
vector<3>
0.0854
0.2313
0.4941

Predicted and Actual First 20 Samples Vectors of Multivarible Linear Regression using Gauss Seidel  Solver
Predicted                   Actual
61668.1308                   42000.0000
54342.3705                   38500.0000
61668.1308                   49500.0000
61668.1308                   60500.0000
54342.3705                   61000.0000
61668.1308                   66000.0000
85138.0788                   66000.0000
61668.1308                   69000.0000
61668.1308                   83800.0000
85138.0788                   88500.0000
85138.0788                   90000.0000
54342.3705                   30500.0000
61668.1308                   27000.0000
61668.1308                   36000.0000
54342.3705                   37000.0000
54342.3705                   37900.0000
61668.1308                   40500.0000
68993.8910                   40750.0000
47016.6102                   45000.0000
77812.3185                   45000.0000
 Gauss Seidel Mean Squared Error  1, 2:  496846266.5140
==================================================================
============================================
=============================================
X Matrix Multivariable Linear Regression
546.0000     269.8333     246.7500     
269.8333     141.5833     127.8750     
246.7500     127.8750     137.1875     
=============================================
=============================================
=============================================
Calling Gauss Elimination Solver
=============================================
=============================================
System is ill condition
vector<3>
0.1312
0.2670
0.2110

==================================================================
Features Selected: 1 & 3
==================================================================
Predicted and Actual First 20 Samples Vectors of Multivarible Linear Regression using Gauss Elimination Solver
Predicted                   Actual
70343.6298                   42000.0000
51864.3154                   38500.0000
60318.9448                   49500.0000
70343.6298                   60500.0000
51864.3154                   61000.0000
60318.9448                   66000.0000
70343.6298                   66000.0000
80368.3148                   69000.0000
60318.9448                   83800.0000
90392.9998                   88500.0000
60318.9448                   90000.0000
51864.3154                   30500.0000
70343.6298                   27000.0000
60318.9448                   36000.0000
51864.3154                   37000.0000
51864.3154                   37900.0000
70343.6298                   40500.0000
88822.9443                   40750.0000
43409.6859                   45000.0000
51864.3154                   45000.0000
Mean Squared Error of Multivarible Linear Regression  
 Gauss Elimination Mean Squared Error 1,3:  553126978.6653
==================================================================
============================================
=============================================
X Matrix Multivariable Linear Regression
546.0000     269.8333     246.7500     
269.8333     141.5833     127.8750     
246.7500     127.8750     137.1875     
=============================================
=============================================
=============================================
Calling Gauss Seidel Solver
=============================================
=============================================
     Iter        x0        x1        x2
        1    0.3337    0.0461    0.0527
        2    0.3119    0.0656    0.0738
        3    0.2928    0.0831    0.0919
        4    0.2760    0.0987    0.1075
        5    0.2611    0.1129    0.1210
        6    0.2481    0.1256    0.1327
        7    0.2365    0.1371    0.1427
        8    0.2263    0.1475    0.1514
        9    0.2172    0.1570    0.1589
       10    0.2091    0.1655    0.1654
       11    0.2020    0.1733    0.1711
       12    0.1955    0.1805    0.1760
       13    0.1898    0.1870    0.1802
       14    0.1847    0.1929    0.1839
       15    0.1801    0.1984    0.1871
       16    0.1759    0.2033    0.1899
       17    0.1722    0.2079    0.1923
       18    0.1689    0.2121    0.1945
       19    0.1658    0.2160    0.1963
       20    0.1631    0.2196    0.1979
       21    0.1605    0.2229    0.1994
       22    0.1583    0.2260    0.2006
       23    0.1562    0.2288    0.2017
       24    0.1543    0.2314    0.2027
       25    0.1526    0.2338    0.2035
       26    0.1510    0.2361    0.2043
       27    0.1496    0.2381    0.2049
       28    0.1482    0.2401    0.2055
       29    0.1470    0.2419    0.2060
       30    0.1459    0.2435    0.2065
       31    0.1448    0.2451    0.2069
       32    0.1439    0.2465    0.2073
       33    0.1430    0.2479    0.2076
       34    0.1422    0.2491    0.2079
       35    0.1414    0.2503    0.2082
       36    0.1407    0.2514    0.2084
       37    0.1401    0.2524    0.2086
       38    0.1395    0.2534    0.2088
       39    0.1389    0.2542    0.2090
       40    0.1384    0.2551    0.2092
       41    0.1379    0.2558    0.2093
       42    0.1375    0.2566    0.2095
       43    0.1371    0.2572    0.2096
       44    0.1367    0.2579    0.2097
       45    0.1363    0.2585    0.2098
       46    0.1360    0.2590    0.2099
       47    0.1357    0.2595    0.2100
       48    0.1354    0.2600    0.2100
       49    0.1351    0.2604    0.2101
       50    0.1349    0.2609    0.2102
       51    0.1346    0.2613    0.2102
       52    0.1344    0.2616    0.2103
       53    0.1342    0.2620    0.2104
       54    0.1340    0.2623    0.2104
       55    0.1338    0.2626    0.2104

Converged Epsilon = 0.0000

iters 55
vector<3>
0.1338
0.2626
0.2104

Predicted and Actual First 20 Samples Vectors of Multivarible Linear Regression using Gauss Seidel  Solver
Predicted                   Actual
70365.2939                   42000.0000
52054.0175                   38500.0000
60369.2316                   49500.0000
70365.2939                   60500.0000
52054.0175                   61000.0000
60369.2316                   66000.0000
70365.2939                   66000.0000
80361.3562                   69000.0000
60369.2316                   83800.0000
90357.4185                   88500.0000
60369.2316                   90000.0000
52054.0175                   30500.0000
70365.2939                   27000.0000
60369.2316                   36000.0000
52054.0175                   37000.0000
52054.0175                   37900.0000
70365.2939                   40500.0000
88676.5704                   40750.0000
43738.8033                   45000.0000
52054.0175                   45000.0000
 Gauss Seidel Mean Squared Error  1, 3:  553126978.6653
==================================================================
============================================
=============================================
X Matrix Multivariable Linear Regression
546.0000     175.5000     246.7500     
175.5000     65.0000     84.1250     
246.7500     84.1250     137.1875     
=============================================
=============================================
=============================================
Calling Gauss Elimination Solver
=============================================
=============================================
System is ill condition
vector<3>
0.1227
0.4756
0.1836

==================================================================
Features Selected: 2 & 3
==================================================================
Predicted and Actual First 20 Samples Vectors of Multivarible Linear Regression using Gauss Elimination Solver
Predicted                   Actual
63343.8134                   42000.0000
54623.9968                   38500.0000
54623.9968                   49500.0000
63343.8134                   60500.0000
54623.9968                   61000.0000
54623.9968                   66000.0000
85935.1636                   66000.0000
72063.6300                   69000.0000
54623.9968                   83800.0000
103374.7967                   88500.0000
77215.3470                   90000.0000
54623.9968                   30500.0000
63343.8134                   27000.0000
54623.9968                   36000.0000
54623.9968                   37000.0000
54623.9968                   37900.0000
63343.8134                   40500.0000
72063.6300                   40750.0000
54623.9968                   45000.0000
77215.3470                   45000.0000
Mean Squared Error of Multivarible Linear Regression  
 Gauss Elimination Mean Squared Error 2,3:  470495987.9447
==================================================================
============================================
=============================================
X Matrix Multivariable Linear Regression
546.0000     175.5000     246.7500     
175.5000     65.0000     84.1250     
246.7500     84.1250     137.1875     
=============================================
=============================================
=============================================
Calling Gauss Seidel Solver
=============================================
=============================================
     Iter        x0        x1        x2
        1    0.3321    0.1425    0.0113
        2    0.3077    0.1992    0.0204
        3    0.2853    0.2479    0.0308
        4    0.2649    0.2893    0.0420
        5    0.2466    0.3244    0.0535
        6    0.2301    0.3540    0.0650
        7    0.2154    0.3788    0.0762
        8    0.2023    0.3996    0.0870
        9    0.1908    0.4168    0.0972
       10    0.1807    0.4309    0.1067
       11    0.1718    0.4425    0.1156
       12    0.1641    0.4519    0.1237
       13    0.1574    0.4595    0.1311
       14    0.1516    0.4655    0.1378
       15    0.1466    0.4702    0.1438
       16    0.1424    0.4739    0.1492
       17    0.1388    0.4767    0.1540
       18    0.1357    0.4787    0.1582
       19    0.1332    0.4802    0.1620
       20    0.1310    0.4812    0.1652
       21    0.1292    0.4818    0.1681
       22    0.1277    0.4821    0.1706
       23    0.1265    0.4822    0.1727
       24    0.1255    0.4822    0.1746
       25    0.1247    0.4820    0.1761
       26    0.1240    0.4817    0.1775
       27    0.1235    0.4813    0.1786
       28    0.1231    0.4809    0.1796
       29    0.1228    0.4805    0.1804
       30    0.1226    0.4801    0.1811
       31    0.1224    0.4797    0.1816
       32    0.1223    0.4793    0.1821
       33    0.1222    0.4789    0.1825
       34    0.1221    0.4786    0.1828
       35    0.1221    0.4782    0.1830
       36    0.1221    0.4779    0.1832
       37    0.1221    0.4776    0.1834
       38    0.1221    0.4774    0.1835
       39    0.1222    0.4772    0.1836
       40    0.1222    0.4770    0.1837
       41    0.1222    0.4768    0.1837
       42    0.1223    0.4766    0.1837
       43    0.1223    0.4765    0.1838
       44    0.1223    0.4763    0.1838
       45    0.1224    0.4762    0.1838
       46    0.1224    0.4761    0.1838
       47    0.1224    0.4760    0.1838
       48    0.1225    0.4760    0.1838
       49    0.1225    0.4759    0.1838
       50    0.1225    0.4759    0.1837
       51    0.1225    0.4758    0.1837
       52    0.1226    0.4758    0.1837
       53    0.1226    0.4757    0.1837
       54    0.1226    0.4757    0.1837

Converged Epsilon = 0.0000

iters 54
vector<3>
0.1226
0.4757
0.1837

Predicted and Actual First 20 Samples Vectors of Multivarible Linear Regression using Gauss Seidel  Solver
Predicted                   Actual
63340.7611                   42000.0000
54615.2871                   38500.0000
54615.2871                   49500.0000
63340.7611                   60500.0000
54615.2871                   61000.0000
54615.2871                   66000.0000
85937.0204                   66000.0000
72066.2350                   69000.0000
54615.2871                   83800.0000
103387.9682                   88500.0000
77211.5464                   90000.0000
54615.2871                   30500.0000
63340.7611                   27000.0000
54615.2871                   36000.0000
54615.2871                   37000.0000
54615.2871                   37900.0000
63340.7611                   40500.0000
72066.2350                   40750.0000
54615.2871                   45000.0000
77211.5464                   45000.0000
 Gauss Seidel Mean Squared Error  2, 3:  470495987.9447
==================================================================
Finshed Selecting two features processing for Matrix Housing dataset : 
No of calculated mean squared error values from gauss elimination: 6
0 & 1  448196130.4555
0 & 2  381351647.7990
0 & 3  405883002.9714
1 & 2  496846266.5140
1 & 3  553126978.6653
2 & 3  470495987.9447
Min Squared Error using Gauss Elimination: 381351647.7990 using features 0 & 2
No of calculated mean squared error values from gauss seidel: 6
0 & 1  448196130.4555
0 & 2  381351647.7990
0 & 3  405883002.9714
1 & 2  496846266.5140
1 & 3  553126978.6653
2 & 3  470495987.9447
Min Squared Error using Gauss Seidel: 381351647.7990 using features: 0 & 2
==================================================================

Check Golobal minimum between gauss elimination and gauss seidel
gaus seidel achieved minimum with feautres: 0 & 2 and value: 381351647.7990
==================================================================

End Multivariable Regression 
